No.	   Seq		 Alpha		 Beta		Gamma		Delta		 Epsilon	 Zeta		  Chi		  Eta		 Theta

0		G		-68.91		171.45		68.12		89.08		-144.07		-72.67		-158.26		174.39		-153.98
1		G		-73.03		171.77		70.48		86.35		-145.49		-79.34		-165.4		173.88		-155.18
2		A		-67.01		168.85		65.42		90.34		-141.29		-67.96		-157.3		173.88		-141.37
3		G		-71.0		175.21		69.57		85.3		-142.78		-82.37		-163.04		171.74		-149.8
4		C		-63.92		170.29		62.23		91.83		-140.94		-71.6		-155.82		179.73		-154.78
5		G		-69.31		176.11		71.93		88.54		-142.21		-78.77		-165.88		175.14		-147.27
6		G		-65.92		171.97		61.4		99.69		-135.01		-66.64		-143.88		-166.52		-144.63
7		U		-71.29		173.11		65.91		96.37		-133.81		-88.27		-150.98		174.39		-153.18
8		A		-60.29		171.33		68.35		98.44		-133.17		-72.15		-145.72		-170.17		-155.45
9		G		-102.55		173.79		85.01		90.98		-136.95		-78.51		-165.25		173.09		-149.34
10		U		-57.7		166.47		55.59		96.09		-139.56		-62.92		-145.92		-170.46		-146.81
11		U		-74.6		176.84		65.34		89.19		-137.51		-81.86		-153.5		174.08		-150.31
12		C		-61.77		166.86		66.81		92.79		-142.74		-63.43		-148.09		-171.18		-161.92
13		A		-99.1		171.59		82.24		88.41		-141.37		-76.72		-166.63		173.68		-156.8
14		G		-52.23		172.14		71.34		95.26		-141.34		-67.13		-149.82		-163.15		-167.6
15		U		-72.93		173.64		67.07		90.54		-136.51		-83.33		-153.22		173.55		-150.76
16		C		-58.73		165.79		68.3		96.88		-141.33		-65.92		-146.84		-176.24		-151.56
17		G		-105.82		173.24		95.03		92.14		-139.2		-86.2		-163.98		175.99		-153.12
18		G		-58.66		175.24		70.45		99.45		-140.31		-77.81		-147.34		-164.42		-172.02
19		U		-71.14		169.92		66.6		100.35		-128.29		-80.25		-146.94		-175.38		-145.19
20		U		-55.26		170.43		59.4		97.67		-137.4		-73.76		-144.16		-172.46		-167.63
21		A		-126.83		173.97		92.99		96.58		-132.16		-77.9		-157.61		178.29		-151.94
22		G		-65.94		172.31		65.34		87.93		-147.38		-69.18		-156.02		169.62		-166.07
23		A		-75.13		177.12		81.35		90.01		-137.48		-81.46		-158.69		175.56		-156.03
24		A		-50.5		171.5		58.24		94.25		-136.17		-59.91		-149.0		-174.34		-145.34
25		U		-81.23		171.3		75.98		87.47		-139.48		-75.65		-162.65		164.27		-145.45
26		A		-62.81		169.89		52.92		92.04		-145.72		-61.47		-148.86		167.23		-148.7
27		C		-71.47		171.8		66.66		77.32		-147.02		-71.98		-168.45		160.79		-148.69
28		C		-54.17		175.39		51.52		85.92		-148.61		-67.63		-154.65		-179.84		-152.94
29		U		-68.24		174.56		68.3		81.66		-143.39		-77.15		-167.6		169.8		-152.45
30		G		-62.92		170.0		62.27		87.37		-145.21		-67.26		-160.08		171.21		-149.0
31		C		-80.78		169.87		69.82		77.85		-143.23		-73.48		-172.06		162.73		-145.47
32		C		-58.28		172.15		56.5		85.26		-146.61		-68.21		-155.84		174.8		-142.19
33		U		-78.2		179.13		76.09		91.19		-135.98		-86.86		-157.14		-177.79		-151.34
34		G		-63.76		167.21		60.39		101.08		-136.07		-66.91		-144.24		-176.72		-152.6
35		U		-83.89		172.45		67.54		93.94		-135.13		-74.69		-159.9		173.27		-152.7
36		C		-62.42		177.73		67.25		100.79		-137.04		-76.5		-147.16		179.24		-165.2
37		A		-84.84		177.0		71.77		90.53		-137.32		-77.09		-161.15		174.97		-148.47
38		C		-60.97		168.06		63.12		88.85		-142.76		-70.83		-153.84		177.81		-150.66
39		G		-69.7		173.32		68.64		84.6		-140.72		-77.09		-166.31		170.76		-147.66
40		C		-61.87		177.15		56.03		93.79		-141.27		-83.18		-146.83		-179.77		-169.17
41		A		-67.58		172.12		68.82		89.93		-139.04		-78.12		-161.35		173.14		-146.46
42		G		-61.48		170.13		69.36		90.54		-141.19		-71.46		-154.61		171.22		-149.73
43		G		-71.78		171.63		69.69		81.17		-142.38		-78.59		-166.76		168.08		-147.68
44		G		-57.79		166.68		56.26		89.02		-140.62		-67.18		-157.04		-179.75		-153.22
45		G		-72.43		172.04		76.06		87.31		-138.87		-83.91		-164.15		173.07		-149.92
46		G		-57.27		168.73		61.73		99.27		-131.87		-70.32		-143.36		-167.56		-144.01
47		U		-74.83		168.4		74.18		94.37		-134.71		-79.22		-156.67		177.93		-139.03
48		C		-60.91		173.17		63.16		107.93		-129.77		-99.87		-141.87		-161.87		143.02
49		G		-66.93		175.06		68.66		86.07		-140.28		-74.83		-168.49		-170.88		-144.72
50		C		-61.7		170.18		55.15		88.38		-146.19		-71.66		-152.93		172.2		-147.73
51		G		-72.94		173.56		82.45		83.86		-141.68		-75.56		-165.65		173.76		-148.37
52		G		-64.48		170.19		70.37		88.42		-142.31		-73.58		-158.92		173.64		-152.04
53		G		-74.1		173.81		75.51		84.01		-141.34		-76.18		-168.35		173.58		-149.04
54		U		-56.97		169.49		51.95		88.98		-139.47		-71.5		-154.03		174.85		-133.43
55		U		-74.37		173.8		66.49		85.42		-136.35		-76.5		-161.96		161.78		-141.04
56		C		-70.56		168.33		55.05		89.26		-139.78		-70.19		-154.94		149.55		-139.54
57		G		-71.63		177.97		70.37		87.14		-140.05		-79.54		-161.84		172.43		-148.86
58		A		-62.7		-177.51		60.64		101.58		-130.26		-88.34		-144.31		-166.35		-146.44
59		G		-69.82		179.39		87.27		86.9		-135.36		-74.19		-167.71		164.76		-144.45
60		U		-58.42		171.54		57.04		100.2		-131.56		-75.61		-147.17		-179.42		-129.46
61		C		-73.51		176.96		62.52		83.78		-143.89		-75.83		-161.72		158.25		-150.62
62		C		-61.85		174.24		57.28		84.85		-144.12		-71.2		-159.16		176.28		-154.19
63		C		-72.26		173.64		68.01		81.99		-143.21		-75.28		-166.87		168.19		-153.55
64		G		-57.12		170.74		55.73		84.61		-147.39		-73.33		-162.99		179.35		-152.28
65		U		-64.46		170.7		56.82		81.27		-143.61		-72.36		-165.13		169.19		-141.07
66		C		-64.54		172.98		61.07		84.37		-144.28		-74.38		-160.99		169.0		-151.41
67		C		-75.17		178.13		77.32		81.94		-142.21		-80.44		-165.4		167.72		-152.48
68		G		-63.07		172.16		60.8		91.17		-142.07		-83.43		-156.26		-178.13		-159.25
69		U		-68.74		173.67		66.68		91.57		-136.19		-80.72		-155.4		176.69		-153.87
70		U		-61.56		172.51		64.25		93.12		-138.73		-76.55		-155.17		179.01		-150.61
71		C		-79.61		175.96		70.45		88.85		-139.46		-78.22		-158.42		167.84		-148.83
72		C		-64.56		174.44		62.99		88.81		-141.91		-75.26		-160.03		-178.95		-153.03
73		G		-66.98		177.81		77.67		92.21		-135.2		-85.97		-156.03		-177.6		-158.36
74		C		-61.65		175.19		64.58		91.41		-137.57		-72.64		-157.12		-172.62		-149.15
75		C		-73.43		171.78		70.93		92.26		-135.69		-79.78		-156.81		172.7		-152.64
76		A		-69.3		174.84		64.99		99.0		-135.87		-81.32		-150.63		-176.93		-153.81
